[
    [
        [[-40,-40,-40],[-40,40,-40],[40,40,-40],[40,-40,-40]],
        [[-40,40,-40],[-40,40,40],[40,40,40],[40,40,-40]],
        [[-40,40,40],[-40,40,-40],[-40,-40,-40],[-40,-40,40]],
        [[40,-40,-40],[40,40,-40],[40,40,40],[40,-40,40]],
        [[-40,-40,40],[-40,40,40],[40,40,40],[40,-40,40]],
        [[-40,-40,-40],[-40,-40,40],[40,-40,40],[40,-40,-40]],
    ],[
        '#FF0000',
        '#00FF00',
        '#0000FF',
        '#F000F0',
        '#FFFFFF',
        '#484757'
    ],[
        1,1,1,1,1,1
    ],
    [
        "tras",
        "cima",
        "esq",
        "frente",
        "baixo"
    ]
]