[
    [
        [[-30,30,-30],[-30,30,30],[30,30,30],[30,30,-30]],
        [[-30,30,30],[-30,30,-30],[-30,-30,-30],[-30,-30,30]],
        [[30,-30,-30],[30,30,-30],[30,30,30],[30,-30,30]],
        [[-30,-30,30],[-30,30,30],[30,30,30],[30,-30,30]],
        [[-30,-30,-30],[-30,-30,30],[30,-30,30],[30,-30,-30]],
    ],[
        '#00FF00',
        '#0000FF',
        '#F000F0',
        '#FFFFFF',
        '#484757'
    ],[
        -1,-1,-1,-1,-1
    ],
    [
        "tras",
        "cima",
        "esq",
        "frente",
        "baixo"
    ]
]